1313 27788 3204
18330 25020 10191
8358 11229 15169
24694 30560 26910
26546 349 11297
24210 24120 20454
17148 16557 19584
5079 16463 8420
2133 13851 22004
16539 15671 27035
27017 13399 18268
609 12808 14360
13091 29607 30057
19112 31059 30753
28768 23221 12627
27220 23465 24186
11737 10662 3379
13982 21213 13350
15665 30761 118
23663 31960 25857
14173 27991 28855
5965 17176 27921
12583 7488 960
19407 8226 21278
23003 28844 19969
22049 6374 23939
31866 17035 13572
6773 7520 10463
29361 18678 13680
26695 14502 17819
783 2446 24933
18059 25589 3986
17400 23597 19780
11307 25646 3447
1723 719 26548
29842 23480 12232
11005 32361 23120
27012 24758 31420
30285 17363 837
24949 19743 26431
3908 22571 4807
24327 22354 18861
32764 3541 10425
15749 27341 29935
8002 17320 19695
8042 6839 31941
10651 3249 19894
